{
  "advancedEditorSelectedIdentifier" : "ProjectBrowser",
  "openSceneRelativePaths" : [
    "Board-Mixed.usda",
    "Board-Mixed-White.usda",
    "Board-Mixed-Black.usda",
    "Board.usda"
  ],
  "recentIdentifiers" : {
    "2BF05EF6-17D8-4259-A76F-40923610CB89" : [

    ],
    "8F8677B0-6398-4665-828B-0C1E127215F9" : [

    ],
    "AF09ED6F-1707-48FD-8720-65B998362C09" : [

    ],
    "B08BF1FE-AE74-4445-8B56-6F387C6A7C35" : [

    ],
    "BE7A6AB0-9460-4747-9088-1FDCB99E5F09" : [

    ],
    "BF6BE29A-C957-4926-8979-1C0CDB57FF76" : [

    ],
    "C39645ED-A410-4F9B-BE67-4B95CECA7E4D" : [

    ],
    "F93380D8-3D8E-45A6-9681-96D586DDA733" : [

    ]
  },
  "sceneCameraHistory" : {
    "2BF05EF6-17D8-4259-A76F-40923610CB89" : [
      {
        "date" : 763509881.315632,
        "title" : "Untitled",
        "transform" : [
          0.99999464,
          -0.00026339514,
          -0.003252548,
          0,
          -0.0010649485,
          0.91582054,
          -0.40158656,
          0,
          0.0030845173,
          0.4015879,
          0.91581535,
          0,
          0.001738315,
          0.073638625,
          0.2632377,
          1
        ]
      },
      {
        "date" : 763509845.880615,
        "title" : "Untitled",
        "transform" : [
          0.99999464,
          -0.00026339514,
          -0.003252548,
          0,
          -0.0010649485,
          0.91582054,
          -0.40158656,
          0,
          0.0030845173,
          0.4015879,
          0.91581535,
          0,
          0.032614376,
          0.0736305,
          0.26313725,
          1
        ]
      },
      {
        "date" : 763509828.277158,
        "title" : "Untitled",
        "transform" : [
          0.9985217,
          -0.0002633951,
          0.054353606,
          0,
          0.009720271,
          0.9847335,
          -0.17379737,
          0,
          -0.05347805,
          0.1740688,
          0.98328036,
          0,
          0.016845893,
          0.00941372,
          0.27450678,
          1
        ]
      },
      {
        "date" : 763509809.151749,
        "title" : "Untitled",
        "transform" : [
          0.3768453,
          -4.22047e-10,
          0.92627627,
          0,
          -0.0267889,
          0.99958175,
          0.010898771,
          0,
          -0.9258888,
          -0.028920982,
          0.37668768,
          0,
          -0.13651285,
          0.0028153844,
          0.15968935,
          1
        ]
      },
      {
        "date" : 763509797.522057,
        "title" : "Untitled",
        "transform" : [
          0.9999976,
          1.6141664e-11,
          0.0022083772,
          0,
          1.4193607e-06,
          0.9999999,
          -0.0006420258,
          0,
          -0.0022083784,
          0.0006421141,
          0.99999744,
          0,
          0.040291306,
          0.008295123,
          0.11931778,
          1
        ]
      },
      {
        "date" : 763509795.618195,
        "title" : "Untitled",
        "transform" : [
          0.9999976,
          1.6141664e-11,
          0.0022083772,
          0,
          1.4193607e-06,
          0.9999999,
          -0.0006420258,
          0,
          -0.0022083784,
          0.0006421141,
          0.99999744,
          0,
          0.0020449813,
          0.008295123,
          0.11923331,
          1
        ]
      },
      {
        "date" : 763509786.208621,
        "title" : "Untitled",
        "transform" : [
          0.99997836,
          2.3218788e-11,
          0.0065820697,
          0,
          0.00034637062,
          0.9986145,
          -0.052621994,
          0,
          -0.006572951,
          0.052623224,
          0.9985928,
          0,
          0.003014968,
          0.012476591,
          0.2367874,
          1
        ]
      },
      {
        "date" : 763509720.612829,
        "title" : "Untitled",
        "transform" : [
          0.99990207,
          -3.6540153e-11,
          0.013995505,
          0,
          0.007899641,
          0.82547325,
          -0.56438595,
          0,
          -0.011552916,
          0.56444126,
          0.82539237,
          0,
          0.0018339155,
          0.13382399,
          0.19575699,
          1
        ]
      },
      {
        "date" : 763509712.477032,
        "title" : "Untitled",
        "transform" : [
          0.99997145,
          1.3695389e-11,
          0.0075571737,
          0,
          0.0049886256,
          0.75116205,
          -0.660099,
          0,
          -0.0056766625,
          0.66011786,
          0.75114065,
          0,
          0.0021057911,
          0.28694028,
          0.32654062,
          1
        ]
      },
      {
        "date" : 763509650.086489,
        "title" : "Untitled",
        "transform" : [
          1,
          0,
          0,
          0,
          0,
          0.7071069,
          -0.70710677,
          0,
          0,
          0.70710677,
          0.7071069,
          0,
          0,
          0.2565576,
          0.25655764,
          1
        ]
      }
    ],
    "4A95D56B-FDC2-49AB-A7DE-0197B8A8F925" : [
      {
        "date" : 758462897.368397,
        "title" : "Untitled",
        "transform" : [
          0.2807479,
          -2.3511504e-10,
          -0.9597815,
          0,
          -0.8950062,
          0.36114338,
          -0.26180035,
          0,
          0.34661874,
          0.9325103,
          0.10139026,
          0,
          0.89645994,
          2.4117515,
          0.2622256,
          1
        ]
      }
    ],
    "8F8677B0-6398-4665-828B-0C1E127215F9" : [
      {
        "date" : 764023687.690635,
        "title" : "Untitled",
        "transform" : [
          0.23235904,
          -2.8153975e-09,
          -0.9726301,
          0,
          -0.22420591,
          0.9730688,
          -0.053562306,
          0,
          0.946436,
          0.23051502,
          0.22610132,
          0,
          0.22028023,
          0.13724798,
          0.0639176,
          1
        ]
      },
      {
        "date" : 764023670.259823,
        "title" : "Untitled",
        "transform" : [
          0.40188637,
          -4.856098e-10,
          -0.9156895,
          0,
          -0.08704353,
          0.99547166,
          -0.03820252,
          0,
          0.9115431,
          0.09505787,
          0.40006655,
          0,
          0.22074552,
          0.10378437,
          0.10994588,
          1
        ]
      },
      {
        "date" : 764023659.397952,
        "title" : "Untitled",
        "transform" : [
          0.9650913,
          -3.8355603e-09,
          -0.26191354,
          0,
          -0.122419536,
          0.8840435,
          -0.451088,
          0,
          0.23154296,
          0.46740445,
          0.8531828,
          0,
          0.052551046,
          0.19317733,
          0.21299553,
          1
        ]
      },
      {
        "date" : 764005218.915936,
        "title" : "Untitled",
        "transform" : [
          0.9986967,
          -3.910029e-09,
          0.051038045,
          0,
          0.022300798,
          0.8994886,
          -0.43637455,
          0,
          -0.045908187,
          0.436944,
          0.8983164,
          0,
          -0.010404724,
          0.18619356,
          0.22945656,
          1
        ]
      },
      {
        "date" : 764005180.703465,
        "title" : "Untitled",
        "transform" : [
          0.5882341,
          -3.799215e-09,
          0.80869067,
          0,
          -0.44112656,
          0.83812237,
          0.3208714,
          0,
          -0.6777817,
          -0.54548246,
          0.49301213,
          0,
          -0.09655179,
          -0.0004455261,
          0.07186298,
          1
        ]
      },
      {
        "date" : 764005168.672552,
        "title" : "Untitled",
        "transform" : [
          0.99999046,
          1.6387514e-10,
          -0.004373271,
          0,
          0.00035072584,
          0.996779,
          0.08019691,
          0,
          0.0043591857,
          -0.08019767,
          0.9967694,
          0,
          -0.0025875124,
          0.06116951,
          0.13140047,
          1
        ]
      },
      {
        "date" : 764005159.696819,
        "title" : "Untitled",
        "transform" : [
          0.99999046,
          1.6387514e-10,
          -0.004373271,
          0,
          0.00035072584,
          0.996779,
          0.08019691,
          0,
          0.0043591857,
          -0.08019767,
          0.9967694,
          0,
          -0.008481568,
          0.087341696,
          0.34724244,
          1
        ]
      },
      {
        "date" : 764005152.847707,
        "title" : "Untitled",
        "transform" : [
          0.99968994,
          -8.9941227e-10,
          -0.02490039,
          0,
          0.0037653113,
          0.9885009,
          0.15116803,
          0,
          0.02461406,
          -0.15121494,
          0.98819447,
          0,
          -0.0012715802,
          0.062386714,
          0.35055217,
          1
        ]
      },
      {
        "date" : 764005143.354127,
        "title" : "Untitled",
        "transform" : [
          0.9996997,
          1.5573462e-10,
          -0.02450444,
          0,
          -0.0044330438,
          0.98350006,
          -0.18085344,
          0,
          0.02410012,
          0.18090776,
          0.9832047,
          0,
          -0.002144056,
          0.17537656,
          0.32062188,
          1
        ]
      },
      {
        "date" : 764005132.420857,
        "title" : "Untitled",
        "transform" : [
          0.9996997,
          1.5573462e-10,
          -0.02450444,
          0,
          -0.0044330438,
          0.98350006,
          -0.18085344,
          0,
          0.02410012,
          0.18090776,
          0.9832047,
          0,
          0.06748071,
          2.1328843,
          2.752989,
          1
        ]
      }
    ],
    "AF09ED6F-1707-48FD-8720-65B998362C09" : [
      {
        "date" : 760871182.486037,
        "title" : "Untitled",
        "transform" : [
          0.99982435,
          -6.743772e-12,
          -0.018741446,
          0,
          -0.01490023,
          0.60655475,
          -0.794902,
          0,
          0.011367713,
          0.7950417,
          0.60644823,
          0,
          0.08036949,
          5.3106585,
          4.019648,
          1
        ]
      },
      {
        "date" : 760871157.017167,
        "title" : "Untitled",
        "transform" : [
          0.99982435,
          -6.743772e-12,
          -0.018741446,
          0,
          -0.014900232,
          0.6065548,
          -0.79490215,
          0,
          0.011367714,
          0.7950418,
          0.6064483,
          0,
          0.08014014,
          5.294619,
          4.007413,
          1
        ]
      },
      {
        "date" : 760871112.407885,
        "title" : "Untitled",
        "transform" : [
          1,
          0,
          0,
          0,
          0,
          0.7071069,
          -0.70710677,
          0,
          0,
          0.70710677,
          0.7071069,
          0,
          0.0052101063,
          4.714506,
          4.678239,
          1
        ]
      },
      {
        "date" : 760871105.538805,
        "title" : "Untitled",
        "transform" : [
          1,
          0,
          0,
          0,
          0,
          0.7071069,
          -0.70710677,
          0,
          0,
          0.70710677,
          0.7071069,
          0,
          0,
          1.0257357,
          1.0257357,
          1
        ]
      }
    ],
    "B08BF1FE-AE74-4445-8B56-6F387C6A7C35" : [
      {
        "date" : 765628340.241354,
        "title" : "Untitled",
        "transform" : [
          1,
          0,
          0,
          0,
          0,
          0.7071069,
          -0.70710677,
          0,
          0,
          0.70710677,
          0.7071069,
          0,
          0,
          0.29795924,
          0.29795927,
          1
        ]
      }
    ],
    "B5B4A264-0F48-42E6-AD12-71B4FF289CA3" : [
      {
        "date" : 763492282.878016,
        "title" : "Untitled",
        "transform" : [
          1,
          0,
          0,
          0,
          0,
          0.7071069,
          -0.70710677,
          0,
          0,
          0.70710677,
          0.7071069,
          0,
          0,
          0.46347314,
          0.46347314,
          1
        ]
      }
    ],
    "BE7A6AB0-9460-4747-9088-1FDCB99E5F09" : [
      {
        "date" : 764025489.280069,
        "title" : "Untitled",
        "transform" : [
          0.99999887,
          -3.97169e-09,
          -0.0015002178,
          0,
          -0.0010720725,
          0.6995174,
          -0.7146147,
          0,
          0.0010494288,
          0.7146156,
          0.6995166,
          0,
          -0.02759176,
          0.23558381,
          0.30498284,
          1
        ]
      },
      {
        "date" : 764004406.141994,
        "title" : "Untitled",
        "transform" : [
          0.99999565,
          -3.979581e-09,
          0.0029518951,
          0,
          0.0017762559,
          0.7986982,
          -0.60172915,
          0,
          -0.0023576736,
          0.6017319,
          0.7986948,
          0,
          -0.02904334,
          0.18723166,
          0.33671406,
          1
        ]
      },
      {
        "date" : 764004377.878904,
        "title" : "Untitled",
        "transform" : [
          0.9999911,
          -4.0090398e-09,
          -0.0042103706,
          0,
          -0.0033254265,
          0.6133394,
          -0.7898124,
          0,
          0.002582387,
          0.7898195,
          0.613334,
          0,
          -0.027812645,
          0.23415044,
          0.2879198,
          1
        ]
      },
      {
        "date" : 764004354.396432,
        "title" : "Untitled",
        "transform" : [
          0.99981195,
          -4.0074757e-09,
          0.01938763,
          0,
          0.015132381,
          0.6251347,
          -0.7803702,
          0,
          -0.01211988,
          0.7805168,
          0.62501717,
          0,
          -0.031480983,
          0.23184243,
          0.2935363,
          1
        ]
      },
      {
        "date" : 764004347.286863,
        "title" : "Untitled",
        "transform" : [
          0.99999946,
          -4.3083226e-09,
          -0.0010418138,
          0,
          -0.00081187236,
          0.62666065,
          -0.7792919,
          0,
          0.00065286516,
          0.7792922,
          0.6266603,
          0,
          -0.028459724,
          0.10030839,
          0.18617478,
          1
        ]
      },
      {
        "date" : 764004342.341541,
        "title" : "Untitled",
        "transform" : [
          0.99999654,
          -4.3334873e-09,
          -0.0026260947,
          0,
          -0.0025404296,
          0.25332788,
          -0.9673772,
          0,
          0.00066526537,
          0.9673805,
          0.25332704,
          0,
          -0.028335707,
          0.31045198,
          0.20493238,
          1
        ]
      },
      {
        "date" : 764004338.77736,
        "title" : "Untitled",
        "transform" : [
          0.99999654,
          -4.3334873e-09,
          -0.0026260947,
          0,
          -0.0025404296,
          0.25332788,
          -0.9673772,
          0,
          0.00066526537,
          0.9673805,
          0.25332704,
          0,
          -0.038538914,
          0.3307181,
          0.12756844,
          1
        ]
      },
      {
        "date" : 764004329.938345,
        "title" : "Untitled",
        "transform" : [
          0.99999666,
          -4.333488e-09,
          -0.002626095,
          0,
          -0.0025404296,
          0.25332788,
          -0.9673772,
          0,
          0.00066526537,
          0.9673805,
          0.25332704,
          0,
          0.016486257,
          0.32818505,
          0.13709776,
          1
        ]
      },
      {
        "date" : 764004322.57518,
        "title" : "Untitled",
        "transform" : [
          0.99998456,
          -4.2989807e-09,
          0.005559344,
          0,
          0.0055559617,
          0.034899496,
          -0.9993754,
          0,
          -0.00019401724,
          0.99939084,
          0.034898978,
          0,
          0.016861066,
          0.32056123,
          0.073094584,
          1
        ]
      },
      {
        "date" : 764004309.604434,
        "title" : "Untitled",
        "transform" : [
          0.9992533,
          -4.399044e-09,
          0.038638182,
          0,
          0.025077648,
          0.76075613,
          -0.6485532,
          0,
          -0.029394234,
          0.64903784,
          0.76018804,
          0,
          0.009855121,
          0.27574012,
          0.31381255,
          1
        ]
      }
    ],
    "BF6BE29A-C957-4926-8979-1C0CDB57FF76" : [
      {
        "date" : 764067563.983133,
        "title" : "Untitled",
        "transform" : [
          0.9994884,
          7.432064e-10,
          0.031981777,
          0,
          0.0067256703,
          0.9776376,
          -0.21018939,
          0,
          -0.03126659,
          0.21029694,
          0.97713745,
          0,
          0.0014251461,
          0.089054644,
          0.4506514,
          1
        ]
      },
      {
        "date" : 763509988.984294,
        "title" : "Untitled",
        "transform" : [
          0.99979335,
          4.2814186e-10,
          0.020332897,
          0,
          0.0083427485,
          0.9119471,
          -0.41022313,
          0,
          -0.018542523,
          0.41030794,
          0.91175854,
          0,
          0.007258353,
          0.18136853,
          0.42198604,
          1
        ]
      },
      {
        "date" : 763509957.337907,
        "title" : "Untitled",
        "transform" : [
          0.99995404,
          -6.320944e-11,
          0.009593396,
          0,
          0.004008957,
          0.908499,
          -0.41786793,
          0,
          -0.00871559,
          0.41788712,
          0.90845716,
          0,
          0.04586174,
          0.038049147,
          0.060534984,
          1
        ]
      },
      {
        "date" : 763509947.585348,
        "title" : "Untitled",
        "transform" : [
          0.999954,
          3.0855152e-11,
          0.009593396,
          0,
          0.0040089577,
          0.908499,
          -0.41786796,
          0,
          -0.008715591,
          0.41788718,
          0.90845716,
          0,
          -0.0021409201,
          0.10265087,
          0.2231558,
          1
        ]
      },
      {
        "date" : 763509919.958787,
        "title" : "Untitled",
        "transform" : [
          0.999954,
          3.0855152e-11,
          0.009593396,
          0,
          0.0040089577,
          0.908499,
          -0.41786796,
          0,
          -0.008715591,
          0.41788718,
          0.90845716,
          0,
          -0.0051015816,
          0.24460599,
          0.5317561,
          1
        ]
      }
    ],
    "C39645ED-A410-4F9B-BE67-4B95CECA7E4D" : [
      {
        "date" : 764026292.420911,
        "title" : "Untitled",
        "transform" : [
          0.9991459,
          -5.2628444e-09,
          -0.04132213,
          0,
          -0.027722513,
          0.7415597,
          -0.6703139,
          0,
          0.030642837,
          0.670887,
          0.74092627,
          0,
          0.00019592607,
          0.19609861,
          0.27359462,
          1
        ]
      },
      {
        "date" : 764026256.738535,
        "title" : "Untitled",
        "transform" : [
          0.99992704,
          -5.547483e-09,
          0.01207187,
          0,
          0.011029301,
          0.4065252,
          -0.91357297,
          0,
          -0.004907504,
          0.9136396,
          0.40649548,
          0,
          -0.01316833,
          0.28997073,
          0.1704473,
          1
        ]
      },
      {
        "date" : 764026249.489223,
        "title" : "Untitled",
        "transform" : [
          0.9997401,
          -5.249052e-09,
          0.022793988,
          0,
          0.016150605,
          0.70566237,
          -0.7083642,
          0,
          -0.016084846,
          0.70854837,
          0.70547897,
          0,
          -0.017097121,
          0.21005145,
          0.2624782,
          1
        ]
      },
      {
        "date" : 764026246.322519,
        "title" : "Untitled",
        "transform" : [
          0.57136184,
          -5.267117e-09,
          -0.82069826,
          0,
          -0.45650053,
          0.83102554,
          -0.317811,
          0,
          0.6820212,
          0.55623436,
          0.4748163,
          0,
          0.23881517,
          0.15439406,
          0.17979766,
          1
        ]
      },
      {
        "date" : 764026243.288473,
        "title" : "Untitled",
        "transform" : [
          0.6021885,
          -5.223385e-09,
          -0.79835385,
          0,
          -0.43196207,
          0.8409803,
          -0.32582363,
          0,
          0.67139983,
          0.541066,
          0.50642866,
          0,
          0.23398042,
          0.14894922,
          0.19040437,
          1
        ]
      },
      {
        "date" : 764025676.413713,
        "title" : "Untitled",
        "transform" : [
          0.9823386,
          -5.171288e-09,
          0.18711181,
          0,
          0.10211173,
          0.83796376,
          -0.53608763,
          0,
          -0.15679291,
          0.545726,
          0.82316417,
          0,
          -0.06716544,
          0.15062036,
          0.2932442,
          1
        ]
      },
      {
        "date" : 764025146.708225,
        "title" : "Untitled",
        "transform" : [
          0.9802028,
          -5.9297904e-09,
          0.19799574,
          0,
          0.1247156,
          0.77668405,
          -0.6174204,
          0,
          -0.15378015,
          0.62989044,
          0.76130795,
          0,
          -0.06699063,
          0.18106046,
          0.27553442,
          1
        ]
      },
      {
        "date" : 764025142.350576,
        "title" : "Untitled",
        "transform" : [
          0.99615014,
          -4.0982187e-09,
          0.08766484,
          0,
          0.03340545,
          0.9245508,
          -0.37959182,
          0,
          -0.08105062,
          0.38105893,
          0.9209913,
          0,
          -0.039411936,
          0.09232476,
          0.32111442,
          1
        ]
      },
      {
        "date" : 764025122.431707,
        "title" : "Untitled",
        "transform" : [
          0.5435258,
          -4.316071e-09,
          0.83939254,
          0,
          0.24450943,
          0.95663375,
          -0.15832545,
          0,
          -0.8029912,
          0.2912934,
          0.5199551,
          0,
          -0.28358865,
          0.061117996,
          0.17039464,
          1
        ]
      },
      {
        "date" : 764025107.482528,
        "title" : "Untitled",
        "transform" : [
          0.916899,
          -9.524346e-09,
          0.39911932,
          0,
          0.16987252,
          0.9049028,
          -0.3902492,
          0,
          -0.36116412,
          0.42561856,
          0.82970434,
          0,
          -0.13728783,
          0.10795665,
          0.28755647,
          1
        ]
      }
    ],
    "F93380D8-3D8E-45A6-9681-96D586DDA733" : [
      {
        "date" : 765028488.887449,
        "title" : "Untitled",
        "transform" : [
          1,
          0,
          0,
          0,
          0,
          0.7071069,
          -0.70710677,
          0,
          0,
          0.70710677,
          0.7071069,
          0,
          0,
          0.28235453,
          0.28235453,
          1
        ]
      }
    ]
  },
  "sceneViewportBackgroundColors" : {

  },
  "selectedSceneRelativePath" : "Board-Mixed-Black.usda"
}