{
  "advancedEditorSelectedIdentifier" : "ProjectBrowser",
  "openSceneRelativePaths" : [
    "Board.usda",
    "Models\/PlacementCursor.usda"
  ],
  "recentIdentifiers" : {
    "AF09ED6F-1707-48FD-8720-65B998362C09" : [

    ],
    "BE7A6AB0-9460-4747-9088-1FDCB99E5F09" : [

    ]
  },
  "sceneCameraHistory" : {
    "4A95D56B-FDC2-49AB-A7DE-0197B8A8F925" : [
      {
        "date" : 758462897.368397,
        "title" : "Untitled",
        "transform" : [
          0.2807479,
          -2.3511504e-10,
          -0.9597815,
          0,
          -0.8950062,
          0.36114338,
          -0.26180035,
          0,
          0.34661874,
          0.9325103,
          0.10139026,
          0,
          0.89645994,
          2.4117515,
          0.2622256,
          1
        ]
      }
    ],
    "AF09ED6F-1707-48FD-8720-65B998362C09" : [
      {
        "date" : 760871182.486037,
        "title" : "Untitled",
        "transform" : [
          0.99982435,
          -6.743772e-12,
          -0.018741446,
          0,
          -0.01490023,
          0.60655475,
          -0.794902,
          0,
          0.011367713,
          0.7950417,
          0.60644823,
          0,
          0.08036949,
          5.3106585,
          4.019648,
          1
        ]
      },
      {
        "date" : 760871157.017167,
        "title" : "Untitled",
        "transform" : [
          0.99982435,
          -6.743772e-12,
          -0.018741446,
          0,
          -0.014900232,
          0.6065548,
          -0.79490215,
          0,
          0.011367714,
          0.7950418,
          0.6064483,
          0,
          0.08014014,
          5.294619,
          4.007413,
          1
        ]
      },
      {
        "date" : 760871112.407885,
        "title" : "Untitled",
        "transform" : [
          1,
          0,
          0,
          0,
          0,
          0.7071069,
          -0.70710677,
          0,
          0,
          0.70710677,
          0.7071069,
          0,
          0.0052101063,
          4.714506,
          4.678239,
          1
        ]
      },
      {
        "date" : 760871105.538805,
        "title" : "Untitled",
        "transform" : [
          1,
          0,
          0,
          0,
          0,
          0.7071069,
          -0.70710677,
          0,
          0,
          0.70710677,
          0.7071069,
          0,
          0,
          1.0257357,
          1.0257357,
          1
        ]
      }
    ],
    "BE7A6AB0-9460-4747-9088-1FDCB99E5F09" : [
      {
        "date" : 762727485.884657,
        "title" : "Untitled",
        "transform" : [
          0.99999297,
          -3.919582e-09,
          -0.003776798,
          0,
          -0.0025565913,
          0.7360561,
          -0.6769156,
          0,
          0.0027799436,
          0.67692035,
          0.736051,
          0,
          0.022508556,
          0.37165228,
          0.4000404,
          1
        ]
      },
      {
        "date" : 762727426.373338,
        "title" : "Untitled",
        "transform" : [
          1,
          -3.9638857e-09,
          -0.00040687743,
          0,
          -0.00035079726,
          0.5066219,
          -0.8621682,
          0,
          0.00020614175,
          0.86216825,
          0.5066221,
          0,
          0.021889478,
          0.4055469,
          0.2872385,
          1
        ]
      },
      {
        "date" : 762725414.115774,
        "title" : "Untitled",
        "transform" : [
          0.99999356,
          -3.9791366e-09,
          -0.0036333979,
          0,
          -0.0010123414,
          0.96040094,
          -0.27861968,
          0,
          0.003489525,
          0.27862138,
          0.96039474,
          0,
          0.023519844,
          0.10025692,
          0.48137423,
          1
        ]
      },
      {
        "date" : 762700225.093703,
        "title" : "Untitled",
        "transform" : [
          0.999858,
          -4.092907e-09,
          -0.016854202,
          0,
          -0.014915898,
          0.46559888,
          -0.8848701,
          0,
          0.007847309,
          0.8849958,
          0.46553293,
          0,
          0.026148237,
          0.41709745,
          0.2571013,
          1
        ]
      },
      {
        "date" : 762700222.318516,
        "title" : "Untitled",
        "transform" : [
          0.999858,
          -4.092907e-09,
          -0.016854202,
          0,
          -0.014915898,
          0.46559888,
          -0.8848701,
          0,
          0.007847309,
          0.8849958,
          0.46553293,
          0,
          0.13113332,
          0.41709745,
          0.25533146,
          1
        ]
      },
      {
        "date" : 762700194.181574,
        "title" : "Untitled",
        "transform" : [
          0.9999793,
          -4.072966e-09,
          -0.006444024,
          0,
          -0.0056038615,
          0.49371955,
          -0.8696032,
          0,
          0.00318155,
          0.86962116,
          0.49370942,
          0,
          0.129233,
          0.40721157,
          0.26576284,
          1
        ]
      },
      {
        "date" : 762700126.487766,
        "title" : "Untitled",
        "transform" : [
          0.9999793,
          -4.072966e-09,
          -0.006444024,
          0,
          -0.0056038615,
          0.49371955,
          -0.8696032,
          0,
          0.00318155,
          0.86962116,
          0.49370942,
          0,
          0.019263277,
          0.404743,
          0.27081963,
          1
        ]
      },
      {
        "date" : 762700123.185414,
        "title" : "Untitled",
        "transform" : [
          0.9999793,
          -4.072966e-09,
          -0.006444024,
          0,
          -0.0056038615,
          0.49371955,
          -0.8696032,
          0,
          0.00318155,
          0.86962116,
          0.49370942,
          0,
          0.0037592393,
          0.4491777,
          0.19265202,
          1
        ]
      },
      {
        "date" : 762700116.886279,
        "title" : "Untitled",
        "transform" : [
          0.9999752,
          -3.9524157e-09,
          0.007049931,
          0,
          0.0031542953,
          0.8943229,
          -0.44741106,
          0,
          -0.006304907,
          0.4474221,
          0.89430076,
          0,
          -0.00026503752,
          0.1884264,
          0.29074365,
          1
        ]
      },
      {
        "date" : 762698309.48366,
        "title" : "Untitled",
        "transform" : [
          0.9999726,
          -4.002524e-09,
          0.0074084247,
          0,
          0.003993784,
          0.8422502,
          -0.53907204,
          0,
          -0.00623974,
          0.53908676,
          0.84222716,
          0,
          -0.00021034107,
          0.21798715,
          0.26929167,
          1
        ]
      }
    ]
  },
  "sceneViewportBackgroundColors" : {

  },
  "selectedSceneRelativePath" : "Board.usda"
}