{
  "advancedEditorSelectedIdentifier" : "ProjectBrowser",
  "openSceneRelativePaths" : [
    "Board.usda",
    "Models\/PlacementCursor.usda"
  ],
  "recentIdentifiers" : {
    "AF09ED6F-1707-48FD-8720-65B998362C09" : [

    ],
    "BE7A6AB0-9460-4747-9088-1FDCB99E5F09" : [

    ]
  },
  "sceneCameraHistory" : {
    "4A95D56B-FDC2-49AB-A7DE-0197B8A8F925" : [
      {
        "date" : 758462897.368397,
        "title" : "Untitled",
        "transform" : [
          0.2807479,
          -2.3511504e-10,
          -0.9597815,
          0,
          -0.8950062,
          0.36114338,
          -0.26180035,
          0,
          0.34661874,
          0.9325103,
          0.10139026,
          0,
          0.89645994,
          2.4117515,
          0.2622256,
          1
        ]
      }
    ],
    "AF09ED6F-1707-48FD-8720-65B998362C09" : [
      {
        "date" : 760871182.486037,
        "title" : "Untitled",
        "transform" : [
          0.99982435,
          -6.743772e-12,
          -0.018741446,
          0,
          -0.01490023,
          0.60655475,
          -0.794902,
          0,
          0.011367713,
          0.7950417,
          0.60644823,
          0,
          0.08036949,
          5.3106585,
          4.019648,
          1
        ]
      },
      {
        "date" : 760871157.017167,
        "title" : "Untitled",
        "transform" : [
          0.99982435,
          -6.743772e-12,
          -0.018741446,
          0,
          -0.014900232,
          0.6065548,
          -0.79490215,
          0,
          0.011367714,
          0.7950418,
          0.6064483,
          0,
          0.08014014,
          5.294619,
          4.007413,
          1
        ]
      },
      {
        "date" : 760871112.407885,
        "title" : "Untitled",
        "transform" : [
          1,
          0,
          0,
          0,
          0,
          0.7071069,
          -0.70710677,
          0,
          0,
          0.70710677,
          0.7071069,
          0,
          0.0052101063,
          4.714506,
          4.678239,
          1
        ]
      },
      {
        "date" : 760871105.538805,
        "title" : "Untitled",
        "transform" : [
          1,
          0,
          0,
          0,
          0,
          0.7071069,
          -0.70710677,
          0,
          0,
          0.70710677,
          0.7071069,
          0,
          0,
          1.0257357,
          1.0257357,
          1
        ]
      }
    ],
    "BE7A6AB0-9460-4747-9088-1FDCB99E5F09" : [
      {
        "date" : 762855735.395861,
        "title" : "Untitled",
        "transform" : [
          0.999857,
          -3.7966013e-09,
          -0.016901273,
          0,
          -0.0061022216,
          0.9325461,
          -0.36099955,
          0,
          0.01576119,
          0.3610509,
          0.93241286,
          0,
          -0.010293543,
          0.18843377,
          0.4009853,
          1
        ]
      },
      {
        "date" : 762855712.345593,
        "title" : "Untitled",
        "transform" : [
          0.99202687,
          -3.719093e-09,
          0.12602589,
          0,
          0.088108175,
          0.7149971,
          -0.6935533,
          0,
          -0.09010819,
          0.6991274,
          0.7092965,
          0,
          -0.03884779,
          0.28076062,
          0.33351675,
          1
        ]
      },
      {
        "date" : 762855700.490087,
        "title" : "Untitled",
        "transform" : [
          0.9736848,
          -3.4820147e-09,
          0.22789894,
          0,
          0.12254823,
          0.8431168,
          -0.5235801,
          0,
          -0.19214548,
          0.53773046,
          0.82093006,
          0,
          -0.070577174,
          0.23791978,
          0.38894606,
          1
        ]
      },
      {
        "date" : 762855601.76169,
        "title" : "Untitled",
        "transform" : [
          0.99740297,
          -3.0156673e-09,
          0.0720228,
          0,
          0.053491246,
          0.6696257,
          -0.7407698,
          0,
          -0.048228342,
          0.74269855,
          0.6678868,
          0,
          0.0039438456,
          0.36454257,
          0.3606246,
          1
        ]
      },
      {
        "date" : 762855597.191971,
        "title" : "Untitled",
        "transform" : [
          0.9924148,
          -2.9126e-09,
          0.12293418,
          0,
          0.09373256,
          0.64703375,
          -0.75667787,
          0,
          -0.07954259,
          0.7624612,
          0.642126,
          0,
          -0.0064716786,
          0.3707997,
          0.35758215,
          1
        ]
      },
      {
        "date" : 762855589.761593,
        "title" : "Untitled",
        "transform" : [
          0.9987825,
          -3.903659e-09,
          -0.049329694,
          0,
          -0.032880627,
          0.74546176,
          -0.66573685,
          0,
          0.036773413,
          0.66654825,
          0.74455434,
          0,
          0.03177834,
          0.339702,
          0.3762625,
          1
        ]
      },
      {
        "date" : 762855481.363087,
        "title" : "Untitled",
        "transform" : [
          0.9987825,
          -3.903659e-09,
          -0.049329694,
          0,
          -0.032880627,
          0.74546176,
          -0.66573685,
          0,
          0.036773413,
          0.66654825,
          0.74455434,
          0,
          0.025710711,
          0.22972175,
          0.2534112,
          1
        ]
      },
      {
        "date" : 762855476.428474,
        "title" : "Untitled",
        "transform" : [
          0.99999285,
          -3.9195815e-09,
          -0.0037767976,
          0,
          -0.0025565915,
          0.73605615,
          -0.67691565,
          0,
          0.0027799436,
          0.67692035,
          0.736051,
          0,
          0.014127085,
          0.23326077,
          0.25107807,
          1
        ]
      },
      {
        "date" : 762727485.884657,
        "title" : "Untitled",
        "transform" : [
          0.99999297,
          -3.919582e-09,
          -0.003776798,
          0,
          -0.0025565913,
          0.7360561,
          -0.6769156,
          0,
          0.0027799436,
          0.67692035,
          0.736051,
          0,
          0.022508556,
          0.37165228,
          0.4000404,
          1
        ]
      },
      {
        "date" : 762727426.373338,
        "title" : "Untitled",
        "transform" : [
          1,
          -3.9638857e-09,
          -0.00040687743,
          0,
          -0.00035079726,
          0.5066219,
          -0.8621682,
          0,
          0.00020614175,
          0.86216825,
          0.5066221,
          0,
          0.021889478,
          0.4055469,
          0.2872385,
          1
        ]
      }
    ]
  },
  "sceneViewportBackgroundColors" : {

  },
  "selectedSceneRelativePath" : "Board.usda"
}