{
  "advancedEditorSelectedIdentifier" : "ProjectBrowser",
  "openSceneRelativePaths" : [
    "Models\/PlacementCursor.usda",
    "Board.usda",
    "winner_black.usda",
    "winner_white.usda"
  ],
  "recentIdentifiers" : {
    "2BF05EF6-17D8-4259-A76F-40923610CB89" : [

    ],
    "AF09ED6F-1707-48FD-8720-65B998362C09" : [

    ],
    "BE7A6AB0-9460-4747-9088-1FDCB99E5F09" : [

    ],
    "BF6BE29A-C957-4926-8979-1C0CDB57FF76" : [

    ]
  },
  "sceneCameraHistory" : {
    "2BF05EF6-17D8-4259-A76F-40923610CB89" : [
      {
        "date" : 763509881.315632,
        "title" : "Untitled",
        "transform" : [
          0.99999464,
          -0.00026339514,
          -0.003252548,
          0,
          -0.0010649485,
          0.91582054,
          -0.40158656,
          0,
          0.0030845173,
          0.4015879,
          0.91581535,
          0,
          0.001738315,
          0.073638625,
          0.2632377,
          1
        ]
      },
      {
        "date" : 763509845.880615,
        "title" : "Untitled",
        "transform" : [
          0.99999464,
          -0.00026339514,
          -0.003252548,
          0,
          -0.0010649485,
          0.91582054,
          -0.40158656,
          0,
          0.0030845173,
          0.4015879,
          0.91581535,
          0,
          0.032614376,
          0.0736305,
          0.26313725,
          1
        ]
      },
      {
        "date" : 763509828.277158,
        "title" : "Untitled",
        "transform" : [
          0.9985217,
          -0.0002633951,
          0.054353606,
          0,
          0.009720271,
          0.9847335,
          -0.17379737,
          0,
          -0.05347805,
          0.1740688,
          0.98328036,
          0,
          0.016845893,
          0.00941372,
          0.27450678,
          1
        ]
      },
      {
        "date" : 763509809.151749,
        "title" : "Untitled",
        "transform" : [
          0.3768453,
          -4.22047e-10,
          0.92627627,
          0,
          -0.0267889,
          0.99958175,
          0.010898771,
          0,
          -0.9258888,
          -0.028920982,
          0.37668768,
          0,
          -0.13651285,
          0.0028153844,
          0.15968935,
          1
        ]
      },
      {
        "date" : 763509797.522057,
        "title" : "Untitled",
        "transform" : [
          0.9999976,
          1.6141664e-11,
          0.0022083772,
          0,
          1.4193607e-06,
          0.9999999,
          -0.0006420258,
          0,
          -0.0022083784,
          0.0006421141,
          0.99999744,
          0,
          0.040291306,
          0.008295123,
          0.11931778,
          1
        ]
      },
      {
        "date" : 763509795.618195,
        "title" : "Untitled",
        "transform" : [
          0.9999976,
          1.6141664e-11,
          0.0022083772,
          0,
          1.4193607e-06,
          0.9999999,
          -0.0006420258,
          0,
          -0.0022083784,
          0.0006421141,
          0.99999744,
          0,
          0.0020449813,
          0.008295123,
          0.11923331,
          1
        ]
      },
      {
        "date" : 763509786.208621,
        "title" : "Untitled",
        "transform" : [
          0.99997836,
          2.3218788e-11,
          0.0065820697,
          0,
          0.00034637062,
          0.9986145,
          -0.052621994,
          0,
          -0.006572951,
          0.052623224,
          0.9985928,
          0,
          0.003014968,
          0.012476591,
          0.2367874,
          1
        ]
      },
      {
        "date" : 763509720.612829,
        "title" : "Untitled",
        "transform" : [
          0.99990207,
          -3.6540153e-11,
          0.013995505,
          0,
          0.007899641,
          0.82547325,
          -0.56438595,
          0,
          -0.011552916,
          0.56444126,
          0.82539237,
          0,
          0.0018339155,
          0.13382399,
          0.19575699,
          1
        ]
      },
      {
        "date" : 763509712.477032,
        "title" : "Untitled",
        "transform" : [
          0.99997145,
          1.3695389e-11,
          0.0075571737,
          0,
          0.0049886256,
          0.75116205,
          -0.660099,
          0,
          -0.0056766625,
          0.66011786,
          0.75114065,
          0,
          0.0021057911,
          0.28694028,
          0.32654062,
          1
        ]
      },
      {
        "date" : 763509650.086489,
        "title" : "Untitled",
        "transform" : [
          1,
          0,
          0,
          0,
          0,
          0.7071069,
          -0.70710677,
          0,
          0,
          0.70710677,
          0.7071069,
          0,
          0,
          0.2565576,
          0.25655764,
          1
        ]
      }
    ],
    "4A95D56B-FDC2-49AB-A7DE-0197B8A8F925" : [
      {
        "date" : 758462897.368397,
        "title" : "Untitled",
        "transform" : [
          0.2807479,
          -2.3511504e-10,
          -0.9597815,
          0,
          -0.8950062,
          0.36114338,
          -0.26180035,
          0,
          0.34661874,
          0.9325103,
          0.10139026,
          0,
          0.89645994,
          2.4117515,
          0.2622256,
          1
        ]
      }
    ],
    "AF09ED6F-1707-48FD-8720-65B998362C09" : [
      {
        "date" : 760871182.486037,
        "title" : "Untitled",
        "transform" : [
          0.99982435,
          -6.743772e-12,
          -0.018741446,
          0,
          -0.01490023,
          0.60655475,
          -0.794902,
          0,
          0.011367713,
          0.7950417,
          0.60644823,
          0,
          0.08036949,
          5.3106585,
          4.019648,
          1
        ]
      },
      {
        "date" : 760871157.017167,
        "title" : "Untitled",
        "transform" : [
          0.99982435,
          -6.743772e-12,
          -0.018741446,
          0,
          -0.014900232,
          0.6065548,
          -0.79490215,
          0,
          0.011367714,
          0.7950418,
          0.6064483,
          0,
          0.08014014,
          5.294619,
          4.007413,
          1
        ]
      },
      {
        "date" : 760871112.407885,
        "title" : "Untitled",
        "transform" : [
          1,
          0,
          0,
          0,
          0,
          0.7071069,
          -0.70710677,
          0,
          0,
          0.70710677,
          0.7071069,
          0,
          0.0052101063,
          4.714506,
          4.678239,
          1
        ]
      },
      {
        "date" : 760871105.538805,
        "title" : "Untitled",
        "transform" : [
          1,
          0,
          0,
          0,
          0,
          0.7071069,
          -0.70710677,
          0,
          0,
          0.70710677,
          0.7071069,
          0,
          0,
          1.0257357,
          1.0257357,
          1
        ]
      }
    ],
    "B5B4A264-0F48-42E6-AD12-71B4FF289CA3" : [
      {
        "date" : 763492282.878016,
        "title" : "Untitled",
        "transform" : [
          1,
          0,
          0,
          0,
          0,
          0.7071069,
          -0.70710677,
          0,
          0,
          0.70710677,
          0.7071069,
          0,
          0,
          0.46347314,
          0.46347314,
          1
        ]
      }
    ],
    "BE7A6AB0-9460-4747-9088-1FDCB99E5F09" : [
      {
        "date" : 762855735.395861,
        "title" : "Untitled",
        "transform" : [
          0.999857,
          -3.7966013e-09,
          -0.016901273,
          0,
          -0.0061022216,
          0.9325461,
          -0.36099955,
          0,
          0.01576119,
          0.3610509,
          0.93241286,
          0,
          -0.010293543,
          0.18843377,
          0.4009853,
          1
        ]
      },
      {
        "date" : 762855712.345593,
        "title" : "Untitled",
        "transform" : [
          0.99202687,
          -3.719093e-09,
          0.12602589,
          0,
          0.088108175,
          0.7149971,
          -0.6935533,
          0,
          -0.09010819,
          0.6991274,
          0.7092965,
          0,
          -0.03884779,
          0.28076062,
          0.33351675,
          1
        ]
      },
      {
        "date" : 762855700.490087,
        "title" : "Untitled",
        "transform" : [
          0.9736848,
          -3.4820147e-09,
          0.22789894,
          0,
          0.12254823,
          0.8431168,
          -0.5235801,
          0,
          -0.19214548,
          0.53773046,
          0.82093006,
          0,
          -0.070577174,
          0.23791978,
          0.38894606,
          1
        ]
      },
      {
        "date" : 762855601.76169,
        "title" : "Untitled",
        "transform" : [
          0.99740297,
          -3.0156673e-09,
          0.0720228,
          0,
          0.053491246,
          0.6696257,
          -0.7407698,
          0,
          -0.048228342,
          0.74269855,
          0.6678868,
          0,
          0.0039438456,
          0.36454257,
          0.3606246,
          1
        ]
      },
      {
        "date" : 762855597.191971,
        "title" : "Untitled",
        "transform" : [
          0.9924148,
          -2.9126e-09,
          0.12293418,
          0,
          0.09373256,
          0.64703375,
          -0.75667787,
          0,
          -0.07954259,
          0.7624612,
          0.642126,
          0,
          -0.0064716786,
          0.3707997,
          0.35758215,
          1
        ]
      },
      {
        "date" : 762855589.761593,
        "title" : "Untitled",
        "transform" : [
          0.9987825,
          -3.903659e-09,
          -0.049329694,
          0,
          -0.032880627,
          0.74546176,
          -0.66573685,
          0,
          0.036773413,
          0.66654825,
          0.74455434,
          0,
          0.03177834,
          0.339702,
          0.3762625,
          1
        ]
      },
      {
        "date" : 762855481.363087,
        "title" : "Untitled",
        "transform" : [
          0.9987825,
          -3.903659e-09,
          -0.049329694,
          0,
          -0.032880627,
          0.74546176,
          -0.66573685,
          0,
          0.036773413,
          0.66654825,
          0.74455434,
          0,
          0.025710711,
          0.22972175,
          0.2534112,
          1
        ]
      },
      {
        "date" : 762855476.428474,
        "title" : "Untitled",
        "transform" : [
          0.99999285,
          -3.9195815e-09,
          -0.0037767976,
          0,
          -0.0025565915,
          0.73605615,
          -0.67691565,
          0,
          0.0027799436,
          0.67692035,
          0.736051,
          0,
          0.014127085,
          0.23326077,
          0.25107807,
          1
        ]
      },
      {
        "date" : 762727485.884657,
        "title" : "Untitled",
        "transform" : [
          0.99999297,
          -3.919582e-09,
          -0.003776798,
          0,
          -0.0025565913,
          0.7360561,
          -0.6769156,
          0,
          0.0027799436,
          0.67692035,
          0.736051,
          0,
          0.022508556,
          0.37165228,
          0.4000404,
          1
        ]
      },
      {
        "date" : 762727426.373338,
        "title" : "Untitled",
        "transform" : [
          1,
          -3.9638857e-09,
          -0.00040687743,
          0,
          -0.00035079726,
          0.5066219,
          -0.8621682,
          0,
          0.00020614175,
          0.86216825,
          0.5066221,
          0,
          0.021889478,
          0.4055469,
          0.2872385,
          1
        ]
      }
    ],
    "BF6BE29A-C957-4926-8979-1C0CDB57FF76" : [
      {
        "date" : 763509988.984294,
        "title" : "Untitled",
        "transform" : [
          0.99979335,
          4.2814186e-10,
          0.020332897,
          0,
          0.0083427485,
          0.9119471,
          -0.41022313,
          0,
          -0.018542523,
          0.41030794,
          0.91175854,
          0,
          0.007258353,
          0.18136853,
          0.42198604,
          1
        ]
      },
      {
        "date" : 763509957.337907,
        "title" : "Untitled",
        "transform" : [
          0.99995404,
          -6.320944e-11,
          0.009593396,
          0,
          0.004008957,
          0.908499,
          -0.41786793,
          0,
          -0.00871559,
          0.41788712,
          0.90845716,
          0,
          0.04586174,
          0.038049147,
          0.060534984,
          1
        ]
      },
      {
        "date" : 763509947.585348,
        "title" : "Untitled",
        "transform" : [
          0.999954,
          3.0855152e-11,
          0.009593396,
          0,
          0.0040089577,
          0.908499,
          -0.41786796,
          0,
          -0.008715591,
          0.41788718,
          0.90845716,
          0,
          -0.0021409201,
          0.10265087,
          0.2231558,
          1
        ]
      },
      {
        "date" : 763509919.958787,
        "title" : "Untitled",
        "transform" : [
          0.999954,
          3.0855152e-11,
          0.009593396,
          0,
          0.0040089577,
          0.908499,
          -0.41786796,
          0,
          -0.008715591,
          0.41788718,
          0.90845716,
          0,
          -0.0051015816,
          0.24460599,
          0.5317561,
          1
        ]
      }
    ]
  },
  "sceneViewportBackgroundColors" : {

  },
  "selectedSceneRelativePath" : "winner_white.usda"
}